	P1	P2	P3	P5	P7	P4	P6	P8-A	P9-A	L1	L2	L3	L4	L5	L6	L7	Ld1-A	Ld2-A	Ld3a-A	Ld4a-A	Ld5a-A	TD1	Liv1-A	Liv2-A	Liv3a-A	Liv3b-A	Liv4a-A	Di1-A	Di2-A	Di3a-A	Per3-A	Per4-A	Per5-A	X1a-A	X1b-A	X1c-A	Lun1-A	Lun2a-A	Lun2b-A	Me1-A	Per1-A	Per2-A	SB1-A	AG1a-A	AG2-A	Sp1a-A	Pan1a-A	X1d-A	P10-A	P11-A	P12-A	P13-A	Liv4b-A	AG1b-A	Pan1b-A	Sp1b-A	Di3b-A	Ld3b-A	Ld4b-A	Ld5b-A	Lun2c-A	Lun2d-A	N1
P1	0	0.472863793079678	0.557743142081317	0.567719788162638	0.441392094248905	0.516977832954938	0.41981395838941	0.974949263760308	0.420843572144502	0.612472566580123	0.554758816531466	0.892234394023034	0.608348346003096	0.622778413498277	0.84147125106805	1.14817400079611	0.54634348567383	0.930700226162502	0.803342252348604	0.848577418315776	1.02627932470565	0.81430519824524	0.852735850041291	0.868323220580508	0.901489254087003	0.886580608704655	0.946037887830538	0.972802201951145	0.926969384947568	0.889215262537461	1.02242463880518	1.00742343533137	0.925885357238166	0.906035287819399	0.8816323276194	0.919785168800637	0.776993195433266	0.805767689164459	0.786173579624341	0.862057784825468	0.935909408932865	0.901795869181659	0.797157712118927	0.860813713636952	0.991233194892802	0.79815948802523	0.782541933823634	0.91287106980191	0.952451924008231	0.993105279431986	0.980091869475193	0.590664925791851	0.73976644579006	0.887146708790835	0.969711772402198	0.932821681395501	0.788834307359692	0.885451688370516	0.950463251655243	0.662558212547401	0.771457772963635	0.918108482911031	1.0471975511966
P2	0.472863793079678	0	0.531626524116372	0.446550770870763	0.415710665301585	0.586562699781048	0.349618374043203	1.01908672497761	0.482006239714335	0.798231899666014	0.570998197996536	0.946669960464985	0.504371291639937	0.712944827823829	0.779169441328878	1.02063599265058	0.713944601024665	0.948971189673413	0.817368378643368	0.888673857973687	1.11235494135832	0.637829253785385	0.865792091579442	0.874988089142159	1.01464497925258	0.829727714610085	0.872813438788294	0.962549517462495	0.924845921816155	0.978462920529887	1.04018339891982	1.01535933689976	0.949062727722024	0.99121362302816	0.835800235055437	0.96315255079099	0.871174457983086	0.743926780843597	1.02581843719179	0.884212316996647	0.896929727152119	0.821084444154879	0.850405127470004	0.859881207589204	0.97936725240735	0.836707033825376	0.853766168587508	1.0014335003152	0.985602848595781	0.996444427227748	1.0397000676815	0.598769720350783	0.735460155503612	0.920837418408159	0.994140601900302	1.00884947909226	0.842581631187331	0.980482575080005	0.832395496256662	0.695413833134749	0.806040390188112	1.06342347234612	1.0471975511966
P3	0.557743142081317	0.531626524116372	0	0.260064400498427	0.438962589075859	0.772744421453968	0.484565403999734	0.734014995408065	0.684158058439206	0.5126870448402	0.685020536695222	0.767940647827603	0.534333726069082	0.642680532531972	0.41789988366919	0.80631959106936	0.82445112089017	0.697365853305808	0.604492915758619	0.690665102764549	0.898969341681183	0.497327537912471	0.550052342116634	0.604699810989167	0.673980357656683	0.513469548593237	0.704408767749213	0.701681829538863	0.623067467660742	0.680672589395702	0.805501641853172	0.795623791306515	0.608801829487979	0.757095112892197	0.664343652263666	0.638727608084512	0.960606902566547	1.06083897099364	1.00974489712628	0.598169074019429	0.615665842418105	0.593851606024383	0.578646026512635	0.607653148885496	0.673468038750665	0.655843332584134	0.57937332686726	0.787049014065748	0.727231292916119	0.760610643126585	0.790228882703033	0.797124865769085	0.501028569628515	0.610622781390929	0.713998210764432	0.774171127826101	0.621500514062026	0.78712641903575	0.763977435768869	0.4498884433278	0.979693619548401	1.2722497041886	1.0471975511966
P5	0.567719788162638	0.446550770870763	0.260064400498427	0	0.475378090366827	0.752433056312924	0.442254494115726	0.793142395275412	0.657755307421316	0.581106259612653	0.585609445605044	0.844778185390089	0.372204280861355	0.697459589343579	0.435264841258216	0.810690779512458	0.859352536486691	0.739774357165072	0.589469138209734	0.731701518967502	0.932263743186729	0.421680074346327	0.602993759447022	0.614746947756966	0.777600334708641	0.587942475451078	0.806306571344161	0.706881212892184	0.645746239248248	0.785581848487567	0.820329755329208	0.821948702423703	0.679550586297846	0.841901137476642	0.782120523053016	0.73083903151261	0.977057526493367	1.02410507550185	0.981640501692992	0.627952886443884	0.641327503692868	0.714921088202311	0.647908568930838	0.646832752059756	0.725630729817659	0.733709457907451	0.632065521430848	0.814731639171797	0.733927292513387	0.780559168395987	0.794200209963315	0.785530945515734	0.503493450006762	0.659931348929281	0.747989886980453	0.779344301072004	0.642695140890115	0.778381457521575	0.724472657027564	0.467641678605452	0.906080358629706	1.15766186494024	1.0471975511966
P7	0.441392094248905	0.415710665301585	0.438962589075859	0.475378090366827	0	0.684979215064294	0.403332837749711	0.864906353874191	0.651718230072088	0.677908097520948	0.62394812680637	0.946966866637312	0.585539927770711	0.646835527878612	0.686549826600879	1.08773648254006	0.728704584230995	0.823226745821283	0.744036876205258	0.791306653428577	1.02613809507471	0.741353185115511	0.74742218270513	0.796953977828152	0.791585302921418	0.715675634194066	0.719766632006626	0.933405105440133	0.844194354577023	0.823441236350207	0.99359134528386	0.940733443938756	0.813202765486357	0.849821024667187	0.681058808445905	0.835118641799534	0.935888722534345	0.868240747202116	1.0524109710064	0.809963612490713	0.813386725122761	0.71456832875368	0.72271044089472	0.765403304808984	0.849430008510835	0.706458052643232	0.749983708569311	0.87315340412854	0.923762207540443	0.980559703532879	0.977436846137814	0.755028478929089	0.667220215135148	0.828736242018275	0.890462041912393	0.923503814803689	0.783650254790787	0.949004386960735	0.889983469254953	0.591175516356445	0.849889189987068	1.15241386337634	1.0471975511966
P4	0.516977832954938	0.586562699781048	0.772744421453968	0.752433056312924	0.684979215064294	0	0.642419612093224	1.2622115144184	0.387471846503667	0.898440337475814	0.77089687290427	1.07428155039463	0.880683249984339	0.761081714245568	1.0198318881698	1.20153863670877	0.318400500734316	1.20904508574356	1.12859656488154	1.12875169180722	1.29060027011104	0.921974914506612	1.13740379235181	1.14715698330622	1.15266336559953	1.12909284745784	1.1826485476251	1.25207001839122	1.20373078198653	1.14072010358906	1.30124430307175	1.29953989994589	1.18932674222433	1.16995366840554	1.11327443128452	1.21162897806881	0.446358801651404	0.51436515968789	0.822962706418812	1.13836261746777	1.2014600467848	1.12141507124292	1.05577141364878	1.14870499843715	1.22132527847774	1.07636938289592	1.09376857123722	1.21412017587483	1.23383107099577	1.13827455891891	1.19639646371028	0.41028493168019	1.02085258111244	1.17095212086195	1.25764023227774	1.2082145602903	1.08896680793374	1.20150086560204	1.13414465506353	1.00307331510409	0.525779535067966	0.758065097260907	1.0471975511966
P6	0.41981395838941	0.349618374043203	0.484565403999734	0.442254494115726	0.403332837749711	0.642419612093224	0	0.997517297025423	0.470007989034305	0.721506335944585	0.585210526112894	1.02155595078828	0.42600251097872	0.716412067337354	0.77950659915962	1.13005331882624	0.755266956888212	0.969750834846713	0.806366280318385	0.901395809431098	1.09696384630076	0.603043701698415	0.84541587584303	0.856060680186946	0.929456922197825	0.869333410388718	0.930559942687936	0.958345581054589	0.923110185433632	0.987846846173836	1.05971537204333	1.02737475780109	0.914188337513107	0.986313721438222	0.920022267470468	0.935659006281361	0.893713719894676	0.826798922243449	1.00445660055036	0.868852022051251	0.877221569773264	0.907997788793486	0.819253866036529	0.840526459399647	0.977533359879496	0.87101022950017	0.822212794802075	0.969471610274732	0.938021400014309	1.02892299261914	1.02071346028938	0.650796730485425	0.729647587805783	0.880209484458121	0.989312570470988	0.980867499172342	0.838956945764637	0.950133247004741	0.902843366606609	0.630656234423962	0.819204603826201	0.961530929480032	1.0471975511966
P8-A	0.974949263760308	1.01908672497761	0.734014995408065	0.793142395275412	0.864906353874191	1.2622115144184	0.997517297025423	0	1.14442178248395	0.709922599505075	1.06615670160158	0.955734323473192	0.874102654763211	0.987251810171441	0.683747482545269	0.898803861856508	1.22659331833828	0.326713969907023	0.367631663572526	0.316975297428082	0.625990270039126	0.9575163615211	0.283138374646067	0.355996614402731	0.466718750558789	0.429556257231293	0.518828025760149	0.37441769987831	0.386597639907596	0.361813906898508	0.371458827398099	0.347991247218812	0.364851979822909	0.373165292169467	0.53280924419999	0.323698884565186	1.49699433484916	1.5719062985043	0.997304582606421	0.311989697965418	0.36961281554627	0.566915229429538	0.391437152221927	0.309750531798843	0.309896350359009	0.410620073373976	0.316119798363678	0.476345210377903	0.446354508465937	0.530793417249101	0.534094623948702	1.25961408534897	0.414923579617928	0.355017154230945	0.314877925373883	0.493208735930763	0.418046535590511	0.551213018718716	0.845654343189834	0.515674996676216	1.45020684907746	1.58927120529166	1.0471975511966
P9-A	0.420843572144502	0.482006239714335	0.684158058439206	0.657755307421316	0.651718230072088	0.387471846503667	0.470007989034305	1.14442178248395	0	0.843945366795978	0.724099840799719	1.0024545424335	0.697251678634889	0.826082168344868	0.968356071261347	1.19165962261186	0.485097492435244	1.09820244683658	0.981249946840281	1.01139402559412	1.2091345475029	0.853547222950438	1.01790737649176	1.00298005797993	1.10255049522357	1.03065425785512	1.11735546455334	1.07770732115195	1.06164540296693	1.07145630701232	1.14940388409333	1.14597227038936	1.0629142604368	1.09965637915818	1.06086666307449	1.0769300029701	0.64761847531147	0.694074478208578	0.844039899076988	0.982263714956586	1.04844805272195	1.05778469394993	0.954069915178604	1.00344733715607	1.1273431126173	0.983817655771512	0.960021106331848	1.07835794398911	1.04240189489418	1.00390910324654	1.05092694284697	0.287322474670312	0.885231216479003	1.02319315487187	1.12994969529518	1.06483689918748	0.92374791508621	0.990476915356141	0.935493118108293	0.821840864073226	0.698525006265108	0.795589226331743	1.0471975511966
L1	0.612472566580123	0.798231899666014	0.5126870448402	0.581106259612653	0.677908097520948	0.898440337475814	0.721506335944585	0.709922599505075	0.843945366795978	0	0.61208525347569	0.656502540778075	0.649032834933519	0.755451345761852	0.624198746121079	0.769132550125621	0.93608441906103	0.722491692738087	0.627400017860393	0.663976125248604	0.875579716998005	0.673677694833596	0.626716428201643	0.622270760522582	0.705279086283147	0.666329377671547	0.880472080744296	0.726455891522012	0.645618672464656	0.635801526065723	0.711208847002142	0.793611163619101	0.657046270937197	0.749473430120985	0.840204814949239	0.649483158532816	1.10214140375273	1.21697446020447	0.789091446710544	0.637625298860438	0.671064050712101	0.777663788699952	0.609023457010196	0.643954050778144	0.700125640078424	0.674592534060744	0.564151421718301	0.726717059736296	0.701099234159795	0.783261487618493	0.760384737083118	0.954115937561704	0.638029468557091	0.646844157563564	0.731015583506299	0.725973909946597	0.586392125982617	0.679819466608198	0.844532282881844	0.565077438665396	1.14441166621568	1.25689849069375	1.0471975511966
L2	0.554758816531466	0.570998197996536	0.685020536695222	0.585609445605044	0.62394812680637	0.77089687290427	0.585210526112894	1.06615670160158	0.724099840799719	0.61208525347569	0	0.756990879907949	0.47749678505507	0.837251562942756	0.784626986180561	0.95119775254238	0.90105348138811	0.976107437877401	0.824959936111999	0.928596086102945	1.0374319368825	0.697499620119687	0.914411248952246	0.839022880979725	0.995932918592544	0.894302403166507	1.09920186783762	0.974384589011027	0.883047182752086	1.00479518807645	0.973082970117731	1.05737385803933	0.943686354799401	1.06462232495598	1.03722047129127	0.964910269718317	0.983101076092166	0.928828477319066	0.984237087597472	0.907254878200611	0.894180969234754	0.97936922727019	0.904205001415202	0.88386686371375	1.00027848327428	0.900587860388355	0.852589247700197	0.941916639105575	0.933488388345053	1.00996069078339	0.977458372970201	0.806764679713851	0.824505532473329	0.928804889620981	1.00584610623479	0.952506281715978	0.8211991782881	0.877384686928564	0.830916102243505	0.720198109176309	0.855947168846884	1.02132863052199	1.0471975511966
L3	0.892234394023034	0.946669960464985	0.767940647827603	0.844778185390089	0.946966866637312	1.07428155039463	1.02155595078828	0.955734323473192	1.0024545424335	0.656502540778075	0.756990879907949	0	0.908014687378006	0.984484477121778	0.810637090481988	0.71522281307471	1.06491709632055	0.856707825118447	0.853228530368786	0.874364798121721	0.897005981194383	0.92232481553489	0.853852137118771	0.790400811682189	0.976542574603512	0.748313181666106	1.02328337667028	0.855149906931469	0.736121282378357	0.844533399707142	0.794237605465853	0.941830905043032	0.81540070783359	1.00711707478254	0.926769511568768	0.787734709656725	1.11812739908224	1.28402795299635	1.12844793748553	0.805112132395949	0.818693764938008	0.777437531340931	0.885409629978688	0.841036017343893	0.889463822508778	0.843591603437097	0.805489057507613	0.883473294613835	0.837356602867355	0.800910018151382	0.838370169234621	0.996161636723342	0.89218897713366	0.815892179873758	0.897667423653847	0.86983521056742	0.720842616014618	0.749273299461696	0.73640328516027	0.806696497995461	1.22442050644901	1.52862480634461	1.0471975511966
L4	0.608348346003096	0.504371291639937	0.534333726069082	0.372204280861355	0.585539927770711	0.880683249984339	0.42600251097872	0.874102654763211	0.697251678634889	0.649032834933519	0.47749678505507	0.908014687378006	0	0.887687774513789	0.666784682011917	0.96168455165426	1.00137586793009	0.838857352344321	0.625110088031069	0.781614381770095	0.98205520872129	0.508824245485007	0.721973873209005	0.67461556958486	0.890529916219882	0.742929572899169	0.960580199587369	0.759346538555351	0.712685312509023	0.911696415177404	0.832423040057813	0.876138374104983	0.779904028159961	0.937196553831013	0.944681303840308	0.821690220136922	1.10825072989899	1.07753440961677	1.00779541252572	0.707860528227002	0.690700920934749	0.896371769292946	0.72288084253163	0.717353926636294	0.839288944725479	0.802285644316292	0.692367529994289	0.823241839592723	0.732449969194383	0.878824522836527	0.841338445721748	0.850592048445159	0.604407207349586	0.734954591112992	0.834238314003558	0.782349729166828	0.660137049174089	0.719909912377736	0.670172749302161	0.471897852714834	0.980174458500828	1.07594445932121	1.0471975511966
L5	0.622778413498277	0.712944827823829	0.642680532531972	0.697459589343579	0.646835527878612	0.761081714245568	0.716412067337354	0.987251810171441	0.826082168344868	0.755451345761852	0.837251562942756	0.984484477121778	0.887687774513789	0	0.867774491732721	1.01761694580251	0.737325296475885	0.984951241690288	0.91582915602536	0.957302547416865	0.962423589491268	0.799921913776901	0.896117827519843	0.929181281602134	0.925015755133593	0.926653079083159	0.85346325028173	1.02827997455098	1.0260790742486	0.914152623956421	1.10223496388957	1.0671275115126	1.00679386080241	0.924764467525548	0.821840372982346	0.954254353684171	0.907347981129076	0.902114545638755	0.962180808367502	0.966003647044452	1.0233274724201	0.869104970483301	0.937164814610799	0.925407158489068	1.00650620047983	0.889324497820279	0.889575615249349	1.11173803017024	1.1423700014937	1.12158183023546	1.1610686932488	0.978878129490249	0.830781787635292	0.996082367253968	1.02653229316211	1.10985563276419	0.9764451102876	1.13762408114934	1.25159378376015	0.901167328558682	0.936886865454113	1.22012161643322	1.0471975511966
L6	0.84147125106805	0.779169441328878	0.41789988366919	0.435264841258216	0.686549826600879	1.0198318881698	0.77950659915962	0.683747482545269	0.968356071261347	0.624198746121079	0.784626986180561	0.810637090481988	0.666784682011917	0.867774491732721	0	0.69727136674729	1.07037104011046	0.591072225053012	0.543920699921018	0.674957238057374	0.862896498171794	0.601174933286063	0.476560568513482	0.510600191648505	0.607092035935679	0.40580924053429	0.742096100709053	0.623479417402429	0.48512417951778	0.647899451193066	0.712605736716721	0.709494075038756	0.504930583338638	0.758311121543297	0.723004013169262	0.60807277594184	1.19369581422913	1.32656255476208	1.12311314062399	0.546860337048279	0.497685342238483	0.585834886384925	0.584500162226655	0.563572195662164	0.598969801066714	0.691743147579933	0.580787057750871	0.695635613716628	0.61035217345317	0.65097638328684	0.650878737603089	1.03004065715589	0.477233135354124	0.556702510509506	0.578640810467081	0.664346724973216	0.62621061851006	0.752028191077644	0.716714172601424	0.513226792193922	1.11311616796537	1.42479523140555	1.0471975511966
L7	1.14817400079611	1.02063599265058	0.80631959106936	0.810690779512458	1.08773648254006	1.20153863670877	1.13005331882624	0.898803861856508	1.19165962261186	0.769132550125621	0.95119775254238	0.71522281307471	0.96168455165426	1.01761694580251	0.69727136674729	0	1.31152726630084	0.836992311640127	0.853345318967496	0.89008022030024	1.03633650493786	0.734753539204713	0.82769608407552	0.772714468700526	1.00660520080992	0.724265791642199	0.989182628949111	0.775701148759664	0.746279198227723	0.855196267702854	0.766429177721571	0.889003063018612	0.813304333309357	1.00274099268617	0.970189810985552	0.83292560125917	1.34657959490573	1.42535853818673	1.16576010761582	0.796510181158912	0.777977186086082	0.811639977803258	0.895340720563732	0.829086979046464	0.802769978882223	0.91383376207111	0.852859907770511	1.00224303002775	0.882098098623647	0.787968454954854	0.894247523738941	1.22118248517728	0.859035751085206	0.851962082730996	0.861844986299782	0.947673883703763	0.835119937915681	0.936721707691132	0.863847765369501	0.914941715486925	1.42067580401208	1.66729091502358	1.0471975511966
Ld1-A	0.54634348567383	0.713944601024665	0.82445112089017	0.859352536486691	0.728704584230995	0.318400500734316	0.755266956888212	1.22659331833828	0.485097492435244	0.93608441906103	0.90105348138811	1.06491709632055	1.00137586793009	0.737325296475885	1.07037104011046	1.31152726630084	0	1.20754034133424	1.14117908956023	1.12747250308187	1.24339764706356	1.05653329451376	1.12874694105438	1.15421138982451	1.12266596455327	1.14599925793369	1.15230016685001	1.26354634059898	1.21924528830602	1.09149878391813	1.30612323380804	1.29718709225103	1.1995287575259	1.11420334546727	1.05751702149594	1.19168576247421	0.473813800118315	0.625972499339828	0.8280945102206	1.14408249366683	1.22036226215924	1.11802042191531	1.0673029569869	1.15565544368205	1.23160604569107	1.05727624922245	1.08611388185852	1.21731477104458	1.24504610112594	1.14229520693193	1.20545000795006	0.525366229391396	1.0264514410426	1.17719879612984	1.25044124878817	1.20542966965887	1.10157830667425	1.19116083885267	1.19459384399452	1.01852844808874	0.58652089668303	0.831102350461112	1.0471975511966
Ld2-A	0.930700226162502	0.948971189673413	0.697365853305808	0.739774357165072	0.823226745821283	1.20904508574356	0.969750834846713	0.326713969907023	1.09820244683658	0.722491692738087	0.976107437877401	0.856707825118447	0.838857352344321	0.984951241690288	0.591072225053012	0.836992311640127	1.20754034133424	0	0.31308443324061	0.275399331775065	0.604676070813003	0.976713960011261	0.276384157258593	0.306125536130101	0.464959017960562	0.311856747473789	0.531841992829611	0.342859402845038	0.289215593431102	0.408710673399768	0.359527114624025	0.236203063621837	0.269814685668131	0.477376612195738	0.548763665091561	0.333421731814487	1.4398200338123	1.53087826786753	1.02822997937332	0.278635888016265	0.309589750825841	0.456036802857004	0.377780408562896	0.278058874259134	0.380017988174113	0.374126924698202	0.339734195346073	0.305461812955612	0.377395200537716	0.41838074073467	0.382852037619249	1.18337098843548	0.393464978592184	0.317313176981137	0.216505931619088	0.376982502103752	0.338091090672673	0.50762112515411	0.734527608155152	0.497119549792502	1.3621597677955	1.57516881081264	1.0471975511966
Ld3a-A	0.803342252348604	0.817368378643368	0.604492915758619	0.589469138209734	0.744036876205258	1.12859656488154	0.806366280318385	0.367631663572526	0.981249946840281	0.627400017860393	0.824959936111999	0.853228530368786	0.625110088031069	0.91582915602536	0.543920699921018	0.853345318967496	1.14117908956023	0.31308443324061	0	0.309588848588848	0.639917786957678	0.805734263216322	0.234034956376382	0.241903676773828	0.488526842863499	0.383301096311135	0.622669230569591	0.331641649196523	0.284094432700249	0.445526675620572	0.379142826351417	0.384123758306011	0.355762294950647	0.480963617704655	0.607906980513951	0.367041532463798	1.3922215786508	1.45467423391917	0.964369331243424	0.251852652807568	0.29408619678698	0.566799976466922	0.3680969187579	0.247481058850421	0.410030351262431	0.402868123987277	0.244239406482524	0.403650426081397	0.331588685321268	0.514804658666733	0.455636057338542	1.12275785000499	0.267861444323509	0.282183850247721	0.272464491446641	0.363612918433209	0.288501522878081	0.426015122367685	0.682253214308358	0.318833375735893	1.28698585191613	1.41353388801354	1.0471975511966
Ld4a-A	0.848577418315776	0.888673857973687	0.690665102764549	0.731701518967502	0.791306653428577	1.12875169180722	0.901395809431098	0.316975297428082	1.01139402559412	0.663976125248604	0.928596086102945	0.874364798121721	0.781614381770095	0.957302547416865	0.674957238057374	0.89008022030024	1.12747250308187	0.275399331775065	0.309588848588848	0	0.585604335700401	0.935450741357161	0.281168767065882	0.322276970782565	0.429129041673271	0.384892061403806	0.527568521315781	0.378733746328553	0.349739605115315	0.316094307220828	0.322851851399515	0.287315987392066	0.322991461233471	0.340327953464261	0.515392825065322	0.314707231365927	1.38786249131279	1.44792102802218	0.900425684464441	0.281132653418097	0.336556424359455	0.502285052615012	0.229821202454779	0.250877225769404	0.351697771913395	0.215339713549406	0.223127815588194	0.32625136606868	0.394955201745649	0.452354956357048	0.44076843647519	1.10866562400237	0.337417060887576	0.300464905786346	0.278990561325958	0.384746515914236	0.263695864124034	0.476260104214895	0.744824245072154	0.450139793183721	1.33423198617306	1.47943943091108	1.0471975511966
Ld5a-A	1.02627932470565	1.11235494135832	0.898969341681183	0.932263743186729	1.02613809507471	1.29060027011104	1.09696384630076	0.625990270039126	1.2091345475029	0.875579716998005	1.0374319368825	0.897005981194383	0.98205520872129	0.962423589491268	0.862896498171794	1.03633650493786	1.24339764706356	0.604676070813003	0.639917786957678	0.585604335700401	0	1.06211118189414	0.571340841589964	0.563204155098624	0.632939402051095	0.663996152402782	0.731839740903053	0.580730357042479	0.585569822707669	0.669863983485701	0.584342003244093	0.567507751196913	0.581324914169284	0.622663023009623	0.714029318402701	0.563718917668981	1.37063071763847	1.47675640295094	1.01656393647329	0.590685866722657	0.621367086587315	0.702569227434799	0.667260197577734	0.569982832575294	0.648534772033921	0.624213158512762	0.562212291569997	0.62192120085515	0.680412947405473	0.687224910443409	0.660693659718607	1.2803452692469	0.641682597320126	0.573390135770097	0.589655887360491	0.67537758258929	0.605292897768172	0.681966717818221	1.0202562584848	0.754318503954415	1.29209044596268	1.5653800429849	1.0471975511966
TD1	0.81430519824524	0.637829253785385	0.497327537912471	0.421680074346327	0.741353185115511	0.921974914506612	0.603043701698415	0.9575163615211	0.853547222950438	0.673677694833596	0.697499620119687	0.92232481553489	0.508824245485007	0.799921913776901	0.601174933286063	0.734753539204713	1.05653329451376	0.976713960011261	0.805734263216322	0.935450741357161	1.06211118189414	0	0.798438153049955	0.803817461970339	0.966204725760535	0.78901989636011	0.972387357083586	0.868514130360846	0.822845865735858	0.95780295341208	0.958430145995487	1.01607083048156	0.867567774261353	1.00293563911007	0.971088726251379	0.90765487348834	1.06913492295207	1.08056604424143	1.085487909133	0.834100975158299	0.799957573076647	0.888760076497325	0.841234525372774	0.842600845359143	0.890751458079555	0.942374717937254	0.827255414850688	1.05525243446932	0.916941344886566	0.982986147718092	1.01672837128219	0.966219901890978	0.734558934993401	0.850462384535799	0.952180505416735	0.987019934620454	0.856763399580737	0.963922245255399	0.859573989495507	0.702128066244063	1.06115550158058	1.26022768259712	1.0471975511966
Liv1-A	0.852735850041291	0.865792091579442	0.550052342116634	0.602993759447022	0.74742218270513	1.13740379235181	0.84541587584303	0.283138374646067	1.01790737649176	0.626716428201643	0.914411248952246	0.853852137118771	0.721973873209005	0.896117827519843	0.476560568513482	0.82769608407552	1.12874694105438	0.276384157258593	0.234034956376382	0.281168767065882	0.571340841589964	0.798438153049955	0	0.219810050392285	0.366823750734845	0.266750082602435	0.509570781307724	0.307021230641135	0.244774928367758	0.346511642336064	0.379894544926058	0.339232994561336	0.221216142865972	0.380171114228108	0.497740856709778	0.25019843815937	1.3609805957547	1.46152346125657	0.990818205263683	0.206242500236801	0.230316934715856	0.454729939586174	0.282870642182247	0.184557864129091	0.29120038549963	0.357774246530274	0.199935462861313	0.410151563919527	0.357458207614866	0.460474737848638	0.449014044199328	1.13085132927312	0.235609915607	0.20523732253549	0.219715289792947	0.413258412780664	0.326037768959941	0.507611704417966	0.74034716281812	0.362832635736539	1.2950349236339	1.49883235582938	1.0471975511966
Liv2-A	0.868323220580508	0.874988089142159	0.604699810989167	0.614746947756966	0.796953977828152	1.14715698330622	0.856060680186946	0.355996614402731	1.00298005797993	0.622270760522582	0.839022880979725	0.790400811682189	0.67461556958486	0.929181281602134	0.510600191648505	0.772714468700526	1.15421138982451	0.306125536130101	0.241903676773828	0.322276970782565	0.563204155098624	0.803817461970339	0.219810050392285	0	0.452335167161138	0.331559029366082	0.634258669357209	0.232921832344521	0.204045140331437	0.436575849887916	0.29170726058464	0.348787184576366	0.267887331508786	0.503245604603689	0.617567207242381	0.279404667032324	1.37769487209629	1.46411625279884	0.986774867695681	0.168905098037063	0.178829825003112	0.557947550818625	0.370031430640588	0.174577303186607	0.340224663106898	0.418870266600007	0.225216136950127	0.408856476952161	0.287184151003223	0.383822999246262	0.378643679068711	1.11683678248548	0.269629051908458	0.244859179878368	0.267499523090952	0.400824509941908	0.2872133950742	0.420528406591624	0.685440120775917	0.374177933726597	1.28609547416919	1.45292753441865	1.0471975511966
Liv3a-A	0.901489254087003	1.01464497925258	0.673980357656683	0.777600334708641	0.791585302921418	1.15266336559953	0.929456922197825	0.466718750558789	1.10255049522357	0.705279086283147	0.995932918592544	0.976542574603512	0.890529916219882	0.925015755133593	0.607092035935679	1.00660520080992	1.12266596455327	0.464959017960562	0.488526842863499	0.429129041673271	0.632939402051095	0.966204725760535	0.366823750734845	0.452335167161138	0	0.466586851120891	0.613732368707271	0.583649953605546	0.490193202058199	0.383561946352535	0.586614319201387	0.556302572721426	0.376203956375445	0.396089686730723	0.571794856320093	0.382839257704791	1.35710507514259	1.48778312284088	1.04440562076489	0.472463206923288	0.465523566978398	0.581622951704792	0.35145497491926	0.408822090480999	0.425551046530139	0.422908657253384	0.377416178895494	0.482875543268042	0.541289030061402	0.63035620166268	0.581197037638725	1.19988573340873	0.456610613891796	0.409816718196245	0.408880614658082	0.525878243618373	0.53784378645222	0.700670400938944	0.949462649143084	0.536822243748387	1.28327304575728	1.47528026722095	1.0471975511966
Liv3b-A	0.886580608704655	0.829727714610085	0.513469548593237	0.587942475451078	0.715675634194066	1.12909284745784	0.869333410388718	0.429556257231293	1.03065425785512	0.666329377671547	0.894302403166507	0.748313181666106	0.742929572899169	0.926653079083159	0.40580924053429	0.724265791642199	1.14599925793369	0.311856747473789	0.383301096311135	0.384892061403806	0.663996152402782	0.78901989636011	0.266750082602435	0.331559029366082	0.466586851120891	0	0.48342037755354	0.407944339517804	0.262785906075872	0.425149311011765	0.447930376144982	0.428642678014733	0.26267575604385	0.531894422389528	0.459402025688317	0.318781174262388	1.3273769567083	1.42538489866275	1.12585772926695	0.314961208791508	0.28325082773976	0.307416118455853	0.357836260195226	0.318517840896831	0.340949469161943	0.39852066455096	0.353949883062795	0.471394569962409	0.4464160590642	0.468644658313267	0.499807748232364	1.08755218592191	0.352390919329058	0.322407969647354	0.335984258115699	0.498475377751942	0.38902784788569	0.5926693081498	0.649832988472753	0.425450074156988	1.28687795394893	1.60147735004572	1.0471975511966
Liv4a-A	0.946037887830538	0.872813438788294	0.704408767749213	0.806306571344161	0.719766632006626	1.1826485476251	0.930559942687936	0.518828025760149	1.11735546455334	0.880472080744296	1.09920186783762	1.02328337667028	0.960580199587369	0.85346325028173	0.742096100709053	0.989182628949111	1.15230016685001	0.531841992829611	0.622669230569591	0.527568521315781	0.731839740903053	0.972387357083586	0.509570781307724	0.634258669357209	0.613732368707271	0.48342037755354	0	0.669382821866523	0.658985694515349	0.57179814663597	0.715087096579915	0.569567775613219	0.593010445123534	0.535636067615628	0.279373026513844	0.547729977947311	1.39425917124371	1.360638923584	1.19463989332443	0.607647076326868	0.622395065141261	0.342247964822493	0.5623171286952	0.538090584061187	0.563906884451675	0.48758654989434	0.577913387960064	0.701268393087473	0.787489094424681	0.777727332867634	0.830073600300132	1.18760194002015	0.550785915189378	0.616940755876938	0.588707566865101	0.802015378607621	0.675980954432678	0.900162594059646	0.990093587154483	0.691290413488812	1.36506721571893	1.69267045484928	1.0471975511966
Di1-A	0.972802201951145	0.962549517462495	0.701681829538863	0.706881212892184	0.933405105440133	1.25207001839122	0.958345581054589	0.37441769987831	1.07770732115195	0.726455891522012	0.974384589011027	0.855149906931469	0.759346538555351	1.02827997455098	0.623479417402429	0.775701148759664	1.26354634059898	0.342859402845038	0.331641649196523	0.378733746328553	0.580730357042479	0.868514130360846	0.307021230641135	0.232921832344521	0.583649953605546	0.407944339517804	0.669382821866523	0	0.272690377745072	0.518198474689465	0.256974220130583	0.266759943409407	0.343890820069726	0.551160810419326	0.676609166979747	0.339231468974687	1.46830961475262	1.56335591674116	1.01133896590007	0.194751621031151	0.268753397515947	0.609641371804116	0.448305917408313	0.279335238980336	0.400485099935342	0.505424428848531	0.315141072721418	0.468807738770613	0.32374335793005	0.378518469391179	0.406042144787301	1.19192128139456	0.359557492227241	0.291265710120659	0.293637495812044	0.462318014477902	0.342980795051375	0.428508070475181	0.723430064769971	0.476389668041891	1.41365556614132	1.54694446883058	1.0471975511966
Di2-A	0.926969384947568	0.924845921816155	0.623067467660742	0.645746239248248	0.844194354577023	1.20373078198653	0.923110185433632	0.386597639907596	1.06164540296693	0.645618672464656	0.883047182752086	0.736121282378357	0.712685312509023	1.0260790742486	0.48512417951778	0.746279198227723	1.21924528830602	0.289215593431102	0.284094432700249	0.349739605115315	0.585569822707669	0.822845865735858	0.244774928367758	0.204045140331437	0.490193202058199	0.262785906075872	0.658985694515349	0.272690377745072	0	0.438686468419597	0.281314314382831	0.356471749288161	0.19744749962884	0.542353156824935	0.632284067351181	0.297707375396598	1.39553116088304	1.52426586542212	1.043816557874	0.197737058221124	0.168056731600326	0.516346804257715	0.373742638345452	0.265431709625937	0.339020474091247	0.442657380181028	0.291074423112749	0.369610783169219	0.23874093563851	0.369103625554951	0.330776448272264	1.13857337572891	0.358554600605397	0.217455901390878	0.255874142616607	0.339161818100824	0.256005107227315	0.377454484298725	0.582851022102502	0.384676558277961	1.3288548895601	1.54111640558478	1.0471975511966
Di3a-A	0.889215262537461	0.978462920529887	0.680672589395702	0.785581848487567	0.823441236350207	1.14072010358906	0.987846846173836	0.361813906898508	1.07145630701232	0.635801526065723	1.00479518807645	0.844533399707142	0.911696415177404	0.914152623956421	0.647899451193066	0.855196267702854	1.09149878391813	0.408710673399768	0.445526675620572	0.316094307220828	0.669863983485701	0.95780295341208	0.346511642336064	0.436575849887916	0.383561946352535	0.425149311011765	0.57179814663597	0.518198474689465	0.438686468419597	0	0.447037486476876	0.474005685248437	0.375752522852565	0.268876329473159	0.46274207641698	0.357243284550705	1.36106113116671	1.47680476634623	0.932020059529069	0.415900901801551	0.445651064184641	0.519437633032009	0.339291940932043	0.387922215401369	0.369677572269031	0.269955012167757	0.336334415209165	0.518111907431368	0.523302166730105	0.556514934769079	0.577128357379755	1.16041576091244	0.448163162218227	0.427910260156261	0.389779762853684	0.50601671380596	0.438169025417377	0.595956079894028	0.821036151418155	0.521816961901266	1.36373862553496	1.55630956303828	1.0471975511966
Per3-A	1.02242463880518	1.04018339891982	0.805501641853172	0.820329755329208	0.99359134528386	1.30124430307175	1.05971537204333	0.371458827398099	1.14940388409333	0.711208847002142	0.973082970117731	0.794237605465853	0.832423040057813	1.10223496388957	0.712605736716721	0.766429177721571	1.30612323380804	0.359527114624025	0.379142826351417	0.322851851399515	0.584342003244093	0.958430145995487	0.379894544926058	0.29170726058464	0.586614319201387	0.447930376144982	0.715087096579915	0.256974220130583	0.281314314382831	0.447037486476876	0	0.311055218384921	0.363026372163089	0.523606014279427	0.690072216335551	0.326543527684814	1.5238545204018	1.61744507043563	1.00060800826678	0.282175642487533	0.315072015330271	0.636182291898239	0.449066970028498	0.318045769113896	0.360880021247275	0.446004218245387	0.329609566024493	0.419208856027243	0.320903633852086	0.385337380715658	0.393632849296143	1.23933387310248	0.46434300393142	0.328347075920595	0.307768194754708	0.402005701607816	0.296605456295656	0.376853065541434	0.695375522551125	0.54156863771141	1.48443625537336	1.59440908789685	1.0471975511966
Per4-A	1.00742343533137	1.01535933689976	0.795623791306515	0.821948702423703	0.940733443938756	1.29953989994589	1.02737475780109	0.347991247218812	1.14597227038936	0.793611163619101	1.05737385803933	0.941830905043032	0.876138374104983	1.0671275115126	0.709494075038756	0.889003063018612	1.29718709225103	0.236203063621837	0.384123758306011	0.287315987392066	0.567507751196913	1.01607083048156	0.339232994561336	0.348787184576366	0.556302572721426	0.428642678014733	0.569567775613219	0.266759943409407	0.356471749288161	0.474005685248437	0.311055218384921	0	0.341109852365472	0.483427351530229	0.612430068428725	0.372278920895208	1.52903610555266	1.59831081768477	1.01074199723399	0.305327389799369	0.341374001388513	0.553757574515224	0.422142338091126	0.309221304065352	0.427393858672872	0.429568551855352	0.369943483864594	0.355723329230873	0.388919905183922	0.429741864873527	0.41559934688893	1.23656394053852	0.42492738462142	0.355418917730205	0.262676279936542	0.442076060911512	0.377009911883519	0.498191626798067	0.785504285783772	0.562818809792856	1.45823103020389	1.61381309748888	1.0471975511966
Per5-A	0.925885357238166	0.949062727722024	0.608801829487979	0.679550586297846	0.813202765486357	1.18932674222433	0.914188337513107	0.364851979822909	1.0629142604368	0.657046270937197	0.943686354799401	0.81540070783359	0.779904028159961	1.00679386080241	0.504930583338638	0.813304333309357	1.1995287575259	0.269814685668131	0.355762294950647	0.322991461233471	0.581324914169284	0.867567774261353	0.221216142865972	0.267887331508786	0.376203956375445	0.26267575604385	0.593010445123534	0.343890820069726	0.19744749962884	0.375752522852565	0.363026372163089	0.341109852365472	0	0.472501010896564	0.573156555849414	0.260805230386271	1.37717829691212	1.50860275181796	1.04163756400554	0.249072643686993	0.198293421279085	0.478453762721828	0.315324601527982	0.245905992885221	0.29865134256842	0.388539086679006	0.299875585208715	0.34627941114607	0.305033251595976	0.401349872516408	0.362842828214415	1.13282260920645	0.378183763040526	0.226835325662806	0.26108665629917	0.377238365021716	0.315565520124785	0.477316302462352	0.673349269562333	0.417390146119347	1.32364307997257	1.55293557900282	1.0471975511966
X1a-A	0.906035287819399	0.99121362302816	0.757095112892197	0.841901137476642	0.849821024667187	1.16995366840554	0.986313721438222	0.373165292169467	1.09965637915818	0.749473430120985	1.06462232495598	1.00711707478254	0.937196553831013	0.924764467525548	0.758311121543297	1.00274099268617	1.11420334546727	0.477376612195738	0.480963617704655	0.340327953464261	0.622663023009623	1.00293563911007	0.380171114228108	0.503245604603689	0.396089686730723	0.531894422389528	0.535636067615628	0.551160810419326	0.542353156824935	0.268876329473159	0.523606014279427	0.483427351530229	0.472501010896564	0	0.445904544126813	0.424846683753247	1.40276578976615	1.47706620316995	0.923682653167956	0.481751700486655	0.524957480827081	0.570602147144509	0.360726164370279	0.427967068102859	0.441763142620868	0.313185215587158	0.364841198370341	0.563412940782061	0.603426001141334	0.656873267266487	0.673499489234284	1.21510494370056	0.46070558309886	0.477038358880465	0.441874600177424	0.584797311436694	0.530030724335861	0.683608721449909	0.952934480812398	0.572242232461208	1.37280771577463	1.53230799694776	1.0471975511966
X1b-A	0.8816323276194	0.835800235055437	0.664343652263666	0.782120523053016	0.681058808445905	1.11327443128452	0.920022267470468	0.53280924419999	1.06086666307449	0.840204814949239	1.03722047129127	0.926769511568768	0.944681303840308	0.821840372982346	0.723004013169262	0.970189810985552	1.05751702149594	0.548763665091561	0.607906980513951	0.515392825065322	0.714029318402701	0.971088726251379	0.497740856709778	0.617567207242381	0.571794856320093	0.459402025688317	0.279373026513844	0.676609166979747	0.632284067351181	0.46274207641698	0.690072216335551	0.612430068428725	0.573156555849414	0.445904544126813	0	0.5139291901118	1.3152208370253	1.31265714410697	1.16362883149533	0.601076225459781	0.611078733766449	0.327996333987962	0.539669380398257	0.525069140463168	0.529315682623697	0.385328226493049	0.536699281514344	0.718692834823807	0.773896695446744	0.766663343016382	0.834510703220379	1.12650152505548	0.542284920275017	0.610532747720621	0.588877986129199	0.783903632356341	0.649420614764191	0.853929241314224	0.931824352120245	0.635663328373509	1.30358202326466	1.66416988473427	1.0471975511966
