	Per21	Per7	Per8	Per9	Per20	Per13	Per18	Per17	Per5	Per10	Per11	Per1	Per12	Per6	Per14	Per2	Per3	Per4	Per15	Per16	Per19	Liv1	L6	L5	TD3	TD2	TD1	L1	L2	TD4	L3	L4	PerOv1	P1	P6	P7	P8	P2	P3	P9	P4	P5	N1
Per21	0	0.491397580376591	0.45156450284321	0.507912605209357	0.536314216012651	0.719937337215148	0.515023766147175	0.746876055313097	0.554868220448134	0.479894731769627	0.509974993682093	0.425886043568714	0.442445994614955	0.478981298362604	0.522219939160073	0.37804629069131	0.535923855575879	0.509869112173417	0.531861751077563	0.494773845098098	0.485454750597248	0.441923605433689	0.673425864742365	0.571355445572468	0.492546968508627	0.454998701962382	0.499184238585388	0.426693056769911	0.599946209145207	0.517476795456	0.494672373126345	0.4245388015094	0.444192156794727	0.385908030740951	0.416609966045058	0.475155760684313	0.486676803382396	0.497407296524547	0.421852912558758	0.618343853996043	0.389285847542634	0.458192664622499	1.0471975511966
Per7	0.491397580376591	0	0.184295880776616	0.347818801597118	0.306242718353915	0.460723192045247	0.216132727727689	0.585686085913044	0.249528902004529	0.288276774260633	0.175830222385487	0.356467015886205	0.329665094547451	0.193501079614072	0.311765235578148	0.271013292774209	0.252517262678853	0.208300658305934	0.235913536493006	0.247658464608792	0.132733017932674	0.300983053830746	0.40003987884306	0.315077489161783	0.448207311960561	0.204698029622894	0.280739126105189	0.216392580578726	0.241902832290764	0.461252513495546	0.210835710877051	0.264904957922531	0.223244158449358	0.43158177769969	0.24794514724755	0.240091272371985	0.251384790091137	0.325454718128797	0.279811828240589	0.598399724126568	0.245804857347183	0.231757017034728	1.0471975511966
Per8	0.45156450284321	0.184295880776616	0	0.312736753038632	0.240165588352265	0.495006288392601	0.195882784009753	0.599756454545319	0.200804177831222	0.142050710821872	0.19533816447417	0.236792398733658	0.226243915031431	0.166554427126405	0.272780174238837	0.23928832409702	0.168697415945498	0.127302095958586	0.283928079705061	0.244492093835062	0.209013441525059	0.212393332571108	0.422683649964182	0.256335635329731	0.392334172374389	0.127445036055146	0.236486043729016	0.115550542070816	0.274641708323059	0.368761605721067	0.118015978523164	0.111940508759811	0.0879987927532915	0.389666721678564	0.135318373085654	0.132644234994411	0.17961300255367	0.19910934690117	0.173439981260009	0.530556145531147	0.13122212325302	0.158075423485793	1.0471975511966
Per9	0.507912605209357	0.347818801597118	0.312736753038632	0	0.33890360444548	0.47735805369679	0.370583027345715	0.59237968078241	0.337552693839423	0.330062225982675	0.304908773310691	0.402677382791445	0.236976299914278	0.291575356249949	0.267873850483523	0.295032247982689	0.377770043444227	0.302580899648361	0.351700622358297	0.335389982934194	0.351092184318848	0.350929684356174	0.386798850809677	0.309731711670548	0.326616793048113	0.361575405643895	0.349424912208996	0.307454976559575	0.34180986674269	0.428802393827986	0.366820454991577	0.35004606699983	0.353082761902839	0.357945244718507	0.33756223490989	0.357482775773844	0.377200263544984	0.38585314660671	0.372666485905952	0.509522266694053	0.313752611796284	0.354678233699688	1.0471975511966
Per20	0.536314216012651	0.306242718353915	0.240165588352265	0.33890360444548	0	0.465569323247951	0.237626594256016	0.466150828960648	0.204657177405691	0.223438750178146	0.266929657022755	0.401523587978416	0.251451722353942	0.25475547298834	0.334518746319947	0.296572058935973	0.286982395373878	0.208049371225137	0.228956889090723	0.289956860104777	0.303073541156736	0.382673566341002	0.326200696049669	0.234762286934762	0.341322381944764	0.268424030527867	0.386592623963818	0.244762927582732	0.338271995598288	0.48754246189678	0.260891187237556	0.261827122708065	0.276071100052187	0.463320544028472	0.271810132792226	0.321698758739859	0.339102639513393	0.311848091098763	0.358906161963757	0.42917286918711	0.313637071243878	0.280948907384903	1.0471975511966
Per13	0.719937337215148	0.460723192045247	0.495006288392601	0.47735805369679	0.465569323247951	0	0.427509992928633	0.595235436141155	0.447901752980497	0.516268937771064	0.475037092932334	0.676369509255511	0.534958833865158	0.459661061764017	0.323212647009739	0.560707440356533	0.47055690876901	0.455212628466194	0.447214978844323	0.317121272882406	0.419397744015261	0.512450450444989	0.398020880494549	0.346369781158611	0.575412440957413	0.546789491511087	0.457777334318484	0.514243064132127	0.397631677163713	0.602567434615546	0.456885397493503	0.54502650988256	0.492062538542794	0.630585797440237	0.506173712144928	0.520840071153313	0.489177069048369	0.570845767744927	0.543677662182485	0.705529699676887	0.48448502561769	0.486189453812387	1.0471975511966
Per18	0.515023766147175	0.216132727727689	0.195882784009753	0.370583027345715	0.237626594256016	0.427509992928633	0	0.528845448672156	0.137965483672399	0.227140391306504	0.233017534089429	0.363073983703505	0.326307174644849	0.227625980644236	0.305885436799723	0.257708709799426	0.206704456056386	0.153015080609859	0.212359586653473	0.237857288587639	0.22729744377424	0.296061025600521	0.36888295102082	0.24759011200908	0.454898647777716	0.188765015820957	0.254418922432574	0.202451280056314	0.251627281744509	0.477552347387737	0.139975215848708	0.234769505468143	0.188354830124198	0.428805767363345	0.237833560914916	0.238036112625783	0.216586108924214	0.282995819412059	0.278539298992214	0.542575207337498	0.254940782279347	0.230358328700852	1.0471975511966
Per17	0.746876055313097	0.585686085913044	0.599756454545319	0.59237968078241	0.466150828960648	0.595235436141155	0.528845448672156	0	0.518052453694396	0.626647590334596	0.592839579768184	0.705416252288889	0.601891928673605	0.578876351582752	0.589116931328744	0.583418938256894	0.63361689446252	0.538691441108569	0.451858880267078	0.533224076542312	0.551589552568106	0.652328883501375	0.414528286661687	0.501943569935332	0.497175929217763	0.573457206509233	0.62144288373322	0.561169824433057	0.586825386096107	0.817568675353444	0.59257504347708	0.6262653093323	0.61057858733253	0.752810263348431	0.627954590931211	0.679289697126427	0.636106794033559	0.648939315938692	0.668861969147869	0.403306263371058	0.646847666773495	0.609481730733914	1.0471975511966
Per5	0.554868220448134	0.249528902004529	0.200804177831222	0.337552693839423	0.204657177405691	0.447901752980497	0.137965483672399	0.518052453694396	0	0.200645109307772	0.262800574427007	0.354190346622149	0.30248242799667	0.232601088886655	0.31486408268928	0.276141434660083	0.191963065941283	0.150497281158353	0.245016412719602	0.275668983122304	0.282455598937999	0.314730606528382	0.365357065927545	0.245113992327073	0.448483638023593	0.19791713109024	0.284278555114051	0.218223552276821	0.257773287404532	0.484978242102473	0.169541579674185	0.242017677215343	0.209066744858542	0.44827784966363	0.246364627632119	0.244613249799413	0.244398203843304	0.262950979670027	0.294782596923384	0.501219882747604	0.278243281262237	0.233559345838347	1.0471975511966
Per10	0.479894731769627	0.288276774260633	0.142050710821872	0.330062225982675	0.223438750178146	0.516268937771064	0.227140391306504	0.626647590334596	0.200645109307772	0	0.255605610542761	0.257350898261253	0.226505033135792	0.215358109162178	0.306723621498046	0.263411707763932	0.192819373115375	0.18133731417354	0.314037948798544	0.305398901799	0.313860074332388	0.260001945267982	0.450765319957681	0.290345507841558	0.410771879969922	0.196294381585161	0.28826660591901	0.186578762651152	0.313328581676777	0.376544181989938	0.189682994588692	0.143925766686878	0.154753802249937	0.400212245986423	0.167980517781343	0.176143904030875	0.233235506394213	0.183682472346242	0.215380483347697	0.511479154933626	0.192571052190812	0.199073705728787	1.0471975511966
Per11	0.509974993682093	0.175830222385487	0.19533816447417	0.304908773310691	0.266929657022755	0.475037092932334	0.233017534089429	0.592839579768184	0.262800574427007	0.255605610542761	0	0.360715901167941	0.267827666680342	0.14903683355873	0.299341854095452	0.246838152667874	0.261316930328713	0.178147751415573	0.222042549991306	0.270449319900462	0.186857444245981	0.290089371408669	0.369525029519051	0.274868561885799	0.390755283879829	0.216579217563366	0.296264540942695	0.189372400047925	0.239292948428932	0.425099541382071	0.235565236457891	0.249747493973721	0.235582375922175	0.427239912125527	0.249405004956483	0.237202865809618	0.264353172496505	0.297675179935186	0.285938747175177	0.583725872423533	0.259918165390382	0.230026701142376	1.0471975511966
Per1	0.425886043568714	0.356467015886205	0.236792398733658	0.402677382791445	0.401523587978416	0.676369509255511	0.363073983703505	0.705416252288889	0.354190346622149	0.257350898261253	0.360715901167941	0	0.284278343236519	0.326347142139106	0.392105139202691	0.334599080247249	0.327792918123599	0.32559183497684	0.457208109623399	0.394940175899385	0.379157029972425	0.28214488491247	0.592276208244411	0.435457733123115	0.442300560102241	0.250583741439225	0.341882537066885	0.272151419253536	0.450053989664922	0.371705938106485	0.289531066181745	0.207918288026796	0.248115958432363	0.442855300981833	0.235972614176896	0.220277328466108	0.314869910385069	0.230528510256006	0.237169496102239	0.570809295059512	0.237685324594185	0.315690564712418	1.0471975511966
Per12	0.442445994614955	0.329665094547451	0.226243915031431	0.236976299914278	0.251451722353942	0.534958833865158	0.326307174644849	0.601891928673605	0.30248242799667	0.226505033135792	0.267827666680342	0.284278343236519	0	0.245531675385725	0.28410523160525	0.259090049766951	0.323862140420683	0.255188676860167	0.336086863098221	0.313020834620966	0.326922466459753	0.316049797968332	0.441586296004882	0.295536721282305	0.303185477762441	0.291826674379915	0.352748449705167	0.231511293288878	0.388007585737766	0.374909351355323	0.290218469045166	0.22888587154542	0.269111073666425	0.373749339880832	0.225415967419869	0.279859630404658	0.331719178772851	0.291442927087993	0.297473934265957	0.476211368100297	0.239260355485724	0.28555769121532	1.0471975511966
Per6	0.478981298362604	0.193501079614072	0.166554427126405	0.291575356249949	0.25475547298834	0.459661061764017	0.227625980644236	0.578876351582752	0.232601088886655	0.215358109162178	0.14903683355873	0.326347142139106	0.245531675385725	0	0.278166025633762	0.240146985558218	0.207881959539314	0.172773106030174	0.262075958466555	0.254359243660228	0.223708299523799	0.270446280891474	0.378489534093173	0.251096576096414	0.381491749248227	0.191775805583672	0.288923164249013	0.161128207107873	0.248764758624282	0.397032251420515	0.2155951250328	0.229049480763583	0.199794901258523	0.419053473949441	0.2138229421293	0.232238448374227	0.244637621614287	0.276102737983734	0.253130099671683	0.556539184121323	0.236573746718432	0.186904910369554	1.0471975511966
Per14	0.522219939160073	0.311765235578148	0.272780174238837	0.267873850483523	0.334518746319947	0.323212647009739	0.305885436799723	0.589116931328744	0.31486408268928	0.306723621498046	0.299341854095452	0.392105139202691	0.28410523160525	0.278166025633762	0	0.377548896987435	0.317580798946058	0.276967114581363	0.367177331718627	0.156123256133494	0.272503701215429	0.275153368374527	0.388088052484018	0.21432730920158	0.382158438733097	0.346646093631516	0.269001607019704	0.309142464043748	0.298102125640879	0.371362017993019	0.272703131083898	0.313685017210004	0.281209588168011	0.444977257915622	0.274577599944469	0.283410852228052	0.3104807638909	0.331792929588919	0.31645618230244	0.581937719994376	0.233381377019214	0.307816296137551	1.0471975511966
Per2	0.37804629069131	0.271013292774209	0.23928832409702	0.295032247982689	0.296572058935973	0.560707440356533	0.257708709799426	0.583418938256894	0.276141434660083	0.263411707763932	0.246838152667874	0.334599080247249	0.259090049766951	0.240146985558218	0.377548896987435	0	0.312259633491399	0.231280335286921	0.25008689273208	0.355009385387395	0.290284061896346	0.31816113902521	0.419121093638067	0.349834024647628	0.408031499773036	0.216850283085169	0.318723568442374	0.175904973980317	0.330566836324474	0.488646604438909	0.279672742985023	0.255549424472053	0.250446728426013	0.279708697914772	0.2560415272825	0.303013608402377	0.277737038189718	0.32209144927733	0.289944780722064	0.510155328847009	0.262136083154544	0.251688929709274	1.0471975511966
Per3	0.535923855575879	0.252517262678853	0.168697415945498	0.377770043444227	0.286982395373878	0.47055690876901	0.206704456056386	0.63361689446252	0.191963065941283	0.192819373115375	0.261316930328713	0.327792918123599	0.323862140420683	0.207881959539314	0.317580798946058	0.312259633491399	0	0.184023173043207	0.343900377040036	0.283217520738976	0.278348870749563	0.254456211298356	0.429886106733161	0.26263908251065	0.466790434918725	0.191011858975073	0.26004649379594	0.217304293839259	0.254153041005176	0.370188945426086	0.140739885071248	0.189522593605618	0.156455338829592	0.462178906562988	0.212044030348607	0.18041871140154	0.192111962645783	0.23366893288826	0.229535913200881	0.59953768629409	0.239160188133663	0.188796615423848	1.0471975511966
Per4	0.509869112173417	0.208300658305934	0.127302095958586	0.302580899648361	0.208049371225137	0.455212628466194	0.153015080609859	0.538691441108569	0.150497281158353	0.18133731417354	0.178147751415573	0.32559183497684	0.255188676860167	0.172773106030174	0.276967114581363	0.231280335286921	0.184023173043207	0	0.227824666212681	0.251347205737191	0.221055639216056	0.245356375320009	0.359436373378539	0.190554635745424	0.406485261160813	0.14985748735053	0.238150275397258	0.119917056741987	0.230653598911388	0.436998109726628	0.132511906568172	0.193229608232307	0.142941273837572	0.395358007362894	0.211945866238431	0.204647137690659	0.192442099514855	0.244765292605928	0.240973859356538	0.505233702581191	0.209018389994439	0.178156475893265	1.0471975511966
Per15	0.531861751077563	0.235913536493006	0.283928079705061	0.351700622358297	0.228956889090723	0.447214978844323	0.212359586653473	0.451858880267078	0.245016412719602	0.314037948798544	0.222042549991306	0.457208109623399	0.336086863098221	0.262075958466555	0.367177331718627	0.25008689273208	0.343900377040036	0.227824666212681	0	0.306985375006448	0.247958206104468	0.38601158568429	0.309163645559822	0.311055447013545	0.41108075595117	0.279746061085433	0.348166538922695	0.250868420272586	0.288024793977359	0.568010965965649	0.300170578867072	0.334850191398629	0.311156106742013	0.452797624871647	0.32968497717402	0.360845196553558	0.332352991490574	0.389395490772221	0.372756520046505	0.472756742379277	0.345422433917346	0.297853984670719	1.0471975511966
Per16	0.494773845098098	0.247658464608792	0.244492093835062	0.335389982934194	0.289956860104777	0.317121272882406	0.237857288587639	0.533224076542312	0.275668983122304	0.305398901799	0.270449319900462	0.394940175899385	0.313020834620966	0.254359243660228	0.156123256133494	0.355009385387395	0.283217520738976	0.251347205737191	0.306985375006448	0	0.182935152346862	0.30089164326132	0.37195651767785	0.217282739382138	0.381806884947821	0.29195843250407	0.289431962781529	0.276949668266669	0.308274408617028	0.415360759661291	0.222603326452357	0.286559474392846	0.253757715283523	0.473762012454955	0.26467453033537	0.270801016627646	0.301512271422601	0.336629154281381	0.317507077590351	0.565774475934085	0.236039431220467	0.292401377123533	1.0471975511966
Per19	0.485454750597248	0.132733017932674	0.209013441525059	0.351092184318848	0.303073541156736	0.419397744015261	0.22729744377424	0.551589552568106	0.282455598937999	0.313860074332388	0.186857444245981	0.379157029972425	0.326922466459753	0.223708299523799	0.272503701215429	0.290284061896346	0.278348870749563	0.221055639216056	0.247958206104468	0.182935152346862	0	0.307532101841598	0.378233155706223	0.280761869481908	0.409775651828094	0.230543998750375	0.290322654831724	0.226498789128548	0.274856565016389	0.459108891204621	0.215232475539044	0.269565423177019	0.23306782809197	0.451821354306446	0.263377815192432	0.261390031173423	0.274080257587434	0.34177350742073	0.303858271141722	0.594138311128257	0.240289835415518	0.267497036445674	1.0471975511966
Liv1	0.441923605433689	0.300983053830746	0.212393332571108	0.350929684356174	0.382673566341002	0.512450450444989	0.296061025600521	0.652328883501375	0.314730606528382	0.260001945267982	0.290089371408669	0.28214488491247	0.316049797968332	0.270446280891474	0.275153368374527	0.31816113902521	0.254456211298356	0.245356375320009	0.38601158568429	0.30089164326132	0.307532101841598	0	0.467442266346432	0.312504835560442	0.438958825862108	0.246383948953014	0.123707765524647	0.223883595426151	0.284513392824289	0.345282450687092	0.229144072821603	0.212890013579529	0.175162151796804	0.425743115993097	0.196832794151245	0.183394170551961	0.15650692480684	0.209661949649462	0.111407851044476	0.582157694512333	0.179819099870196	0.186672825225877	1.0471975511966
L6	0.673425864742365	0.40003987884306	0.422683649964182	0.386798850809677	0.326200696049669	0.398020880494549	0.36888295102082	0.414528286661687	0.365357065927545	0.450765319957681	0.369525029519051	0.592276208244411	0.441586296004882	0.378489534093173	0.388088052484018	0.419121093638067	0.429886106733161	0.359436373378539	0.309163645559822	0.37195651767785	0.378233155706223	0.467442266346432	0	0.299857656911948	0.441073495464522	0.431883129698861	0.422731346004884	0.394808229428341	0.299956876466497	0.620400271249208	0.415474532301713	0.465670853519531	0.439969352608002	0.564579974540955	0.425647167373558	0.484113954813717	0.415932573454848	0.45892707812596	0.483179372967445	0.558692492846704	0.466179149777208	0.393079742246907	1.0471975511966
L5	0.571355445572468	0.315077489161783	0.256335635329731	0.309731711670548	0.234762286934762	0.346369781158611	0.24759011200908	0.501943569935332	0.245113992327073	0.290345507841558	0.274868561885799	0.435457733123115	0.295536721282305	0.251096576096414	0.21432730920158	0.349834024647628	0.26263908251065	0.190554635745424	0.311055447013545	0.217282739382138	0.280761869481908	0.312504835560442	0.299857656911948	0	0.383350695633033	0.303156021247011	0.302069626113688	0.259518331517092	0.269262899381203	0.43728613941878	0.230644226687941	0.299900973242078	0.262385259503158	0.459340954597312	0.29151891792854	0.311749718462858	0.28965067129845	0.332936348488119	0.340751197174834	0.531558531238012	0.287356246079973	0.272038475200857	1.0471975511966
TD3	0.492546968508627	0.448207311960561	0.392334172374389	0.326616793048113	0.341322381944764	0.575412440957413	0.454898647777716	0.497175929217763	0.448483638023593	0.410771879969922	0.390755283879829	0.442300560102241	0.303185477762441	0.381491749248227	0.382158438733097	0.408031499773036	0.466790434918725	0.406485261160813	0.41108075595117	0.381806884947821	0.409775651828094	0.438958825862108	0.441073495464522	0.383350695633033	0	0.427426098252231	0.480852626968976	0.38453468068995	0.492122903072463	0.425419127227008	0.452663418370717	0.382831582282014	0.434507063345988	0.538021474109412	0.412657687916036	0.453929351328432	0.497165921729744	0.453853280426655	0.456708118361877	0.407449397008638	0.405373513760586	0.451577602439121	1.0471975511966
TD2	0.454998701962382	0.204698029622894	0.127445036055146	0.361575405643895	0.268424030527867	0.546789491511087	0.188765015820957	0.573457206509233	0.19791713109024	0.196294381585161	0.216579217563366	0.250583741439225	0.291826674379915	0.191775805583672	0.346646093631516	0.216850283085169	0.191011858975073	0.14985748735053	0.279746061085433	0.29195843250407	0.230543998750375	0.246383948953014	0.431883129698861	0.303156021247011	0.427426098252231	0	0.260831689497149	0.11252088105309	0.295157323534747	0.445283738527175	0.15203665912513	0.155308958841544	0.12962602560104	0.416852188678335	0.194270826350162	0.175446787194446	0.194344173748164	0.209302742643004	0.205709533601729	0.525337616324808	0.210045402936704	0.181245473944679	1.0471975511966
TD1	0.499184238585388	0.280739126105189	0.236486043729016	0.349424912208996	0.386592623963818	0.457777334318484	0.254418922432574	0.62144288373322	0.284278555114051	0.28826660591901	0.296264540942695	0.341882537066885	0.352748449705167	0.288923164249013	0.269001607019704	0.318723568442374	0.26004649379594	0.238150275397258	0.348166538922695	0.289431962781529	0.290322654831724	0.123707765524647	0.422731346004884	0.302069626113688	0.480852626968976	0.260831689497149	0	0.243692556121073	0.231350460774061	0.420711417539482	0.22216248248692	0.258825784289117	0.197423604796049	0.434562243061654	0.230581361606006	0.219068342390145	0.1328460978506	0.253461994869836	0.167026490913852	0.591343936054965	0.217436738189904	0.204191095251511	1.0471975511966
L1	0.426693056769911	0.216392580578726	0.115550542070816	0.307454976559575	0.244762927582732	0.514243064132127	0.202451280056314	0.561169824433057	0.218223552276821	0.186578762651152	0.189372400047925	0.272151419253536	0.231511293288878	0.161128207107873	0.309142464043748	0.175904973980317	0.217304293839259	0.119917056741987	0.250868420272586	0.276949668266669	0.226498789128548	0.223883595426151	0.394808229428341	0.259518331517092	0.38453468068995	0.11252088105309	0.243692556121073	0	0.28550306877736	0.429146016318082	0.169675063667644	0.156816747863598	0.128533436490565	0.371284199471036	0.177614650276772	0.202214457300116	0.184194923007812	0.230762757718227	0.192260968170456	0.494816646482928	0.176758784290032	0.15399091990965	1.0471975511966
L2	0.599946209145207	0.241902832290764	0.274641708323059	0.34180986674269	0.338271995598288	0.397631677163713	0.251627281744509	0.586825386096107	0.257773287404532	0.313328581676777	0.239292948428932	0.450053989664922	0.388007585737766	0.248764758624282	0.298102125640879	0.330566836324474	0.254153041005176	0.230653598911388	0.288024793977359	0.308274408617028	0.274856565016389	0.284513392824289	0.299956876466497	0.269262899381203	0.492122903072463	0.295157323534747	0.231350460774061	0.28550306877736	0	0.475260988172866	0.263711288405723	0.333882984208526	0.273346190957974	0.464295398736671	0.292723822262905	0.296851032488509	0.225965790612723	0.318023588509902	0.307010451820605	0.634929207417908	0.315196509617893	0.232715691530144	1.0471975511966
TD4	0.517476795456	0.461252513495546	0.368761605721067	0.428802393827986	0.48754246189678	0.602567434615546	0.477552347387737	0.817568675353444	0.484978242102473	0.376544181989938	0.425099541382071	0.371705938106485	0.374909351355323	0.397032251420515	0.371362017993019	0.488646604438909	0.370188945426086	0.436998109726628	0.568010965965649	0.415360759661291	0.459108891204621	0.345282450687092	0.620400271249208	0.43728613941878	0.425419127227008	0.445283738527175	0.420711417539482	0.429146016318082	0.475260988172866	0	0.403176473689031	0.342714374699657	0.383309523929455	0.523090913373073	0.364018114213834	0.339838700971226	0.426679005189239	0.392680782197558	0.366827544162587	0.706717850294739	0.342047599899468	0.419605033990583	1.0471975511966
L3	0.494672373126345	0.210835710877051	0.118015978523164	0.366820454991577	0.260891187237556	0.456885397493503	0.139975215848708	0.59257504347708	0.169541579674185	0.189682994588692	0.235565236457891	0.289531066181745	0.290218469045166	0.2155951250328	0.272703131083898	0.279672742985023	0.140739885071248	0.132511906568172	0.300170578867072	0.222603326452357	0.215232475539044	0.229144072821603	0.415474532301713	0.230644226687941	0.452663418370717	0.15203665912513	0.22216248248692	0.169675063667644	0.263711288405723	0.403176473689031	0	0.159464017370873	0.098818290539009	0.419801460177051	0.167986254684893	0.146902592636494	0.158531066000282	0.213172710334048	0.206845397340482	0.572285153440744	0.17402113188834	0.180905024095173	1.0471975511966
L4	0.4245388015094	0.264904957922531	0.111940508759811	0.35004606699983	0.261827122708065	0.54502650988256	0.234769505468143	0.6262653093323	0.242017677215343	0.143925766686878	0.249747493973721	0.207918288026796	0.22888587154542	0.229049480763583	0.313685017210004	0.255549424472053	0.189522593605618	0.193229608232307	0.334850191398629	0.286559474392846	0.269565423177019	0.212890013579529	0.465670853519531	0.299900973242078	0.382831582282014	0.155308958841544	0.258825784289117	0.156816747863598	0.333882984208526	0.342714374699657	0.159464017370873	0	0.111858509104227	0.413254991773754	0.130354785476078	0.137117113079882	0.199535616877573	0.171326075671636	0.16142061725581	0.524155154210956	0.148272676674344	0.188320893895761	1.0471975511966
PerOv1	0.444192156794727	0.223244158449358	0.0879987927532915	0.353082761902839	0.276071100052187	0.492062538542794	0.188354830124198	0.61057858733253	0.209066744858542	0.154753802249937	0.235582375922175	0.248115958432363	0.269111073666425	0.199794901258523	0.281209588168011	0.250446728426013	0.156455338829592	0.142941273837572	0.311156106742013	0.253757715283523	0.23306782809197	0.175162151796804	0.439969352608002	0.262385259503158	0.434507063345988	0.12962602560104	0.197423604796049	0.128533436490565	0.273346190957974	0.383309523929455	0.098818290539009	0.111858509104227	0	0.397601566273328	0.130000740819724	0.128670104558052	0.127339059225888	0.17972480003718	0.136597389471657	0.549432556425681	0.123997336129223	0.136264746069076	1.0471975511966
P1	0.385908030740951	0.43158177769969	0.389666721678564	0.357945244718507	0.463320544028472	0.630585797440237	0.428805767363345	0.752810263348431	0.44827784966363	0.400212245986423	0.427239912125527	0.442855300981833	0.373749339880832	0.419053473949441	0.444977257915622	0.279708697914772	0.462178906562988	0.395358007362894	0.452797624871647	0.473762012454955	0.451821354306446	0.425743115993097	0.564579974540955	0.459340954597312	0.538021474109412	0.416852188678335	0.434562243061654	0.371284199471036	0.464295398736671	0.523090913373073	0.419801460177051	0.413254991773754	0.397601566273328	0	0.3897315769357	0.427073625327443	0.415436967015952	0.458847521153354	0.420794813042605	0.643579242310073	0.352162634470971	0.410210695636736	1.0471975511966
P6	0.416609966045058	0.24794514724755	0.135318373085654	0.33756223490989	0.271810132792226	0.506173712144928	0.237833560914916	0.627954590931211	0.246364627632119	0.167980517781343	0.249405004956483	0.235972614176896	0.225415967419869	0.2138229421293	0.274577599944469	0.2560415272825	0.212044030348607	0.211945866238431	0.32968497717402	0.26467453033537	0.263377815192432	0.196832794151245	0.425647167373558	0.29151891792854	0.412657687916036	0.194270826350162	0.230581361606006	0.177614650276772	0.292723822262905	0.364018114213834	0.167986254684893	0.130354785476078	0.130000740819724	0.3897315769357	0	0.148977277309405	0.165322434646432	0.146025286004148	0.138576011848389	0.563689759268575	0.141975441855235	0.137850487593395	1.0471975511966
P7	0.475155760684313	0.240091272371985	0.132644234994411	0.357482775773844	0.321698758739859	0.520840071153313	0.238036112625783	0.679289697126427	0.244613249799413	0.176143904030875	0.237202865809618	0.220277328466108	0.279859630404658	0.232238448374227	0.283410852228052	0.303013608402377	0.18041871140154	0.204647137690659	0.360845196553558	0.270801016627646	0.261390031173423	0.183394170551961	0.484113954813717	0.311749718462858	0.453929351328432	0.175446787194446	0.219068342390145	0.202214457300116	0.296851032488509	0.339838700971226	0.146902592636494	0.137117113079882	0.128670104558052	0.427073625327443	0.148977277309405	0	0.177621112621894	0.153771329677031	0.150310419550956	0.606494239032488	0.154966698978468	0.189699064896347	1.0471975511966
P8	0.486676803382396	0.251384790091137	0.17961300255367	0.377200263544984	0.339102639513393	0.489177069048369	0.216586108924214	0.636106794033559	0.244398203843304	0.233235506394213	0.264353172496505	0.314869910385069	0.331719178772851	0.244637621614287	0.3104807638909	0.277737038189718	0.192111962645783	0.192442099514855	0.332352991490574	0.301512271422601	0.274080257587434	0.15650692480684	0.415932573454848	0.28965067129845	0.497165921729744	0.194344173748164	0.1328460978506	0.184194923007812	0.225965790612723	0.426679005189239	0.158531066000282	0.199535616877573	0.127339059225888	0.415436967015952	0.165322434646432	0.177621112621894	0	0.196847034143351	0.128754616681043	0.605212822608718	0.194262048247123	0.118495816053841	1.0471975511966
P2	0.497407296524547	0.325454718128797	0.19910934690117	0.38585314660671	0.311848091098763	0.570845767744927	0.282995819412059	0.648939315938692	0.262950979670027	0.183682472346242	0.297675179935186	0.230528510256006	0.291442927087993	0.276102737983734	0.331792929588919	0.32209144927733	0.23366893288826	0.244765292605928	0.389395490772221	0.336629154281381	0.34177350742073	0.209661949649462	0.45892707812596	0.332936348488119	0.453853280426655	0.209302742643004	0.253461994869836	0.230762757718227	0.318023588509902	0.392680782197558	0.213172710334048	0.171326075671636	0.17972480003718	0.458847521153354	0.146025286004148	0.153771329677031	0.196847034143351	0	0.17099291995888	0.574459384208508	0.22508646012067	0.192929012876908	1.0471975511966
P3	0.421852912558758	0.279811828240589	0.173439981260009	0.372666485905952	0.358906161963757	0.543677662182485	0.278539298992214	0.668861969147869	0.294782596923384	0.215380483347697	0.285938747175177	0.237169496102239	0.297473934265957	0.253130099671683	0.31645618230244	0.289944780722064	0.229535913200881	0.240973859356538	0.372756520046505	0.317507077590351	0.303858271141722	0.111407851044476	0.483179372967445	0.340751197174834	0.456708118361877	0.205709533601729	0.167026490913852	0.192260968170456	0.307010451820605	0.366827544162587	0.206845397340482	0.16142061725581	0.136597389471657	0.420794813042605	0.138576011848389	0.150310419550956	0.128754616681043	0.17099291995888	0	0.579908850697062	0.16067225532939	0.141607634377713	1.0471975511966
P9	0.618343853996043	0.598399724126568	0.530556145531147	0.509522266694053	0.42917286918711	0.705529699676887	0.542575207337498	0.403306263371058	0.501219882747604	0.511479154933626	0.583725872423533	0.570809295059512	0.476211368100297	0.556539184121323	0.581937719994376	0.510155328847009	0.59953768629409	0.505233702581191	0.472756742379277	0.565774475934085	0.594138311128257	0.582157694512333	0.558692492846704	0.531558531238012	0.407449397008638	0.525337616324808	0.591343936054965	0.494816646482928	0.634929207417908	0.706717850294739	0.572285153440744	0.524155154210956	0.549432556425681	0.643579242310073	0.563689759268575	0.606494239032488	0.605212822608718	0.574459384208508	0.579908850697062	0	0.559134230784347	0.564784803096591	1.0471975511966
P4	0.389285847542634	0.245804857347183	0.13122212325302	0.313752611796284	0.313637071243878	0.48448502561769	0.254940782279347	0.646847666773495	0.278243281262237	0.192571052190812	0.259918165390382	0.237685324594185	0.239260355485724	0.236573746718432	0.233381377019214	0.262136083154544	0.239160188133663	0.209018389994439	0.345422433917346	0.236039431220467	0.240289835415518	0.179819099870196	0.466179149777208	0.287356246079973	0.405373513760586	0.210045402936704	0.217436738189904	0.176758784290032	0.315196509617893	0.342047599899468	0.17402113188834	0.148272676674344	0.123997336129223	0.352162634470971	0.141975441855235	0.154966698978468	0.194262048247123	0.22508646012067	0.16067225532939	0.559134230784347	0	0.197755821111214	1.0471975511966
P5	0.458192664622499	0.231757017034728	0.158075423485793	0.354678233699688	0.280948907384903	0.486189453812387	0.230358328700852	0.609481730733914	0.233559345838347	0.199073705728787	0.230026701142376	0.315690564712418	0.28555769121532	0.186904910369554	0.307816296137551	0.251688929709274	0.188796615423848	0.178156475893265	0.297853984670719	0.292401377123533	0.267497036445674	0.186672825225877	0.393079742246907	0.272038475200857	0.451577602439121	0.181245473944679	0.204191095251511	0.15399091990965	0.232715691530144	0.419605033990583	0.180905024095173	0.188320893895761	0.136264746069076	0.410210695636736	0.137850487593395	0.189699064896347	0.118495816053841	0.192929012876908	0.141607634377713	0.564784803096591	0.197755821111214	0	1.0471975511966
N1	1.0471975511966	1.0471975511966	1.0471975511966	1.0471975511966	1.0471975511966	1.0471975511966	1.0471975511966	1.0471975511966	1.0471975511966	1.0471975511966	1.0471975511966	1.0471975511966	1.0471975511966	1.0471975511966	1.0471975511966	1.0471975511966	1.0471975511966	1.0471975511966	1.0471975511966	1.0471975511966	1.0471975511966	1.0471975511966	1.0471975511966	1.0471975511966	1.0471975511966	1.0471975511966	1.0471975511966	1.0471975511966	1.0471975511966	1.0471975511966	1.0471975511966	1.0471975511966	1.0471975511966	1.0471975511966	1.0471975511966	1.0471975511966	1.0471975511966	1.0471975511966	1.0471975511966	1.0471975511966	1.0471975511966	1.0471975511966	0
